$ 1 0.000005 10.20027730826997 50 5 43 5e-11
v 32 480 32 240 0 0 40 3.3 0 0 0.5
S 160 240 240 240 0 0 false 0 8
r 320 64 320 112 0 180000
r 320 112 320 160 0 62000
r 320 160 320 208 0 30000
r 320 208 320 256 0 18000
r 320 400 320 448 0 47000
r 320 352 320 400 0 6800
r 320 304 320 352 0 9100
r 320 256 320 304 0 13000
w 240 192 320 64 0
w 240 208 320 112 0
w 320 160 240 224 0
w 240 240 320 208 0
w 320 256 240 256 0
w 240 272 320 304 0
w 240 288 320 352 0
w 240 304 320 400 0
w 32 480 320 480 0
w 320 480 320 448 0
s 96 240 160 240 0 0 false
w 32 240 96 240 0
w 320 400 448 400 0
w 320 480 448 480 0
p 448 400 448 480 3 0 0
